Vds	Id(M1)
Step Information: Vgs=2  (Step: 1/6)
0.000000000000000e+00	2.171391e-31
1.000000000000000e-01	8.079276e-02
2.000000000000000e-01	8.082762e-02
3.000000000000000e-01	8.087978e-02
4.000000000000000e-01	8.091350e-02
5.000000000000000e-01	8.094722e-02
6.000000000000001e-01	8.098094e-02
7.000000000000001e-01	8.101466e-02
8.000000000000000e-01	8.104838e-02
9.000000000000000e-01	8.108210e-02
1.000000000000000e+00	8.111582e-02
1.100000000000000e+00	8.114953e-02
1.200000000000000e+00	8.118325e-02
1.300000000000000e+00	8.121697e-02
1.400000000000000e+00	8.125068e-02
1.500000000000000e+00	8.128440e-02
1.600000000000000e+00	8.131810e-02
1.700000000000000e+00	8.135182e-02
1.800000000000000e+00	8.138553e-02
1.900000000000000e+00	8.141924e-02
2.000000000000000e+00	8.145294e-02
2.100000000000000e+00	8.148666e-02
2.200000000000000e+00	8.152036e-02
2.300000000000000e+00	8.155407e-02
2.400000000000000e+00	8.158778e-02
2.500000000000000e+00	8.162148e-02
2.600000000000000e+00	8.165518e-02
2.700000000000000e+00	8.168888e-02
2.800000000000000e+00	8.172259e-02
2.900000000000000e+00	8.175629e-02
3.000000000000000e+00	8.178999e-02
3.100000000000000e+00	8.182368e-02
3.200000000000000e+00	8.185738e-02
3.300000000000000e+00	8.189108e-02
3.400000000000000e+00	8.192478e-02
3.500000000000000e+00	8.195847e-02
3.600000000000000e+00	8.199217e-02
3.700000000000000e+00	8.202586e-02
3.800000000000000e+00	8.205956e-02
3.900000000000000e+00	8.209325e-02
4.000000000000000e+00	8.212695e-02
4.100000000000001e+00	8.216064e-02
4.200000000000000e+00	8.219432e-02
4.300000000000000e+00	8.222801e-02
4.400000000000000e+00	8.226170e-02
4.500000000000000e+00	8.229539e-02
4.600000000000001e+00	8.232908e-02
4.700000000000000e+00	8.236276e-02
4.800000000000001e+00	8.239645e-02
4.900000000000000e+00	8.243013e-02
5.000000000000000e+00	8.246382e-02
5.100000000000001e+00	8.249750e-02
5.200000000000000e+00	8.253118e-02
5.300000000000001e+00	8.256486e-02
5.400000000000000e+00	8.259854e-02
5.500000000000000e+00	8.263221e-02
5.600000000000001e+00	8.266590e-02
5.700000000000000e+00	8.269957e-02
5.800000000000001e+00	8.273325e-02
5.900000000000000e+00	8.276693e-02
6.000000000000000e+00	8.280060e-02
6.100000000000001e+00	8.283427e-02
6.200000000000000e+00	8.286794e-02
6.300000000000001e+00	8.290162e-02
6.400000000000000e+00	8.293529e-02
6.500000000000000e+00	8.296896e-02
6.600000000000001e+00	8.300263e-02
6.700000000000000e+00	8.303630e-02
6.800000000000001e+00	8.306997e-02
6.900000000000000e+00	8.310363e-02
7.000000000000000e+00	8.313730e-02
7.100000000000001e+00	8.317097e-02
7.200000000000000e+00	8.320463e-02
7.300000000000001e+00	8.323829e-02
7.400000000000000e+00	8.327196e-02
7.500000000000000e+00	8.330562e-02
7.600000000000001e+00	8.333927e-02
7.700000000000000e+00	8.337294e-02
7.800000000000001e+00	8.340660e-02
7.900000000000000e+00	8.344025e-02
8.000000000000000e+00	8.347391e-02
8.100000000000000e+00	8.350757e-02
8.200000000000001e+00	8.354122e-02
8.300000000000001e+00	8.357488e-02
8.400000000000000e+00	8.360854e-02
8.500000000000000e+00	8.364218e-02
8.600000000000000e+00	8.367584e-02
8.700000000000001e+00	8.370949e-02
8.800000000000001e+00	8.374314e-02
8.900000000000000e+00	8.377679e-02
9.000000000000000e+00	8.381044e-02
9.100000000000000e+00	8.384409e-02
9.200000000000001e+00	8.387773e-02
9.300000000000001e+00	8.391138e-02
9.400000000000000e+00	8.394503e-02
9.500000000000000e+00	8.397868e-02
9.600000000000001e+00	8.401231e-02
9.700000000000001e+00	8.404596e-02
9.800000000000001e+00	8.407960e-02
9.900000000000000e+00	8.411325e-02
1.000000000000000e+01	8.414689e-02
1.010000000000000e+01	8.418053e-02
1.020000000000000e+01	8.421417e-02
1.030000000000000e+01	8.424780e-02
1.040000000000000e+01	8.428144e-02
1.050000000000000e+01	8.431508e-02
1.060000000000000e+01	8.434871e-02
1.070000000000000e+01	8.438235e-02
1.080000000000000e+01	8.441598e-02
1.090000000000000e+01	8.444961e-02
1.100000000000000e+01	8.448324e-02
1.110000000000000e+01	8.451688e-02
1.120000000000000e+01	8.455051e-02
1.130000000000000e+01	8.458413e-02
1.140000000000000e+01	8.461776e-02
1.150000000000000e+01	8.465139e-02
1.160000000000000e+01	8.468502e-02
1.170000000000000e+01	8.471864e-02
1.180000000000000e+01	8.475227e-02
1.190000000000000e+01	8.478589e-02
1.200000000000000e+01	8.481952e-02
1.210000000000000e+01	8.485314e-02
1.220000000000000e+01	8.488676e-02
1.230000000000000e+01	8.492038e-02
1.240000000000000e+01	8.495400e-02
1.250000000000000e+01	8.498762e-02
1.260000000000000e+01	8.502124e-02
1.270000000000000e+01	8.505486e-02
1.280000000000000e+01	8.508848e-02
1.290000000000000e+01	8.512209e-02
1.300000000000000e+01	8.515570e-02
1.310000000000000e+01	8.518932e-02
1.320000000000000e+01	8.522293e-02
1.330000000000000e+01	8.525655e-02
1.340000000000000e+01	8.529016e-02
1.350000000000000e+01	8.532377e-02
1.360000000000000e+01	8.535738e-02
1.370000000000000e+01	8.539099e-02
1.380000000000000e+01	8.542459e-02
1.390000000000000e+01	8.545820e-02
1.400000000000000e+01	8.549181e-02
1.410000000000000e+01	8.552542e-02
1.420000000000000e+01	8.555902e-02
1.430000000000000e+01	8.559262e-02
1.440000000000000e+01	8.562622e-02
1.450000000000000e+01	8.565982e-02
1.460000000000000e+01	8.569343e-02
1.470000000000000e+01	8.572703e-02
1.480000000000000e+01	8.576063e-02
1.490000000000000e+01	8.579423e-02
1.500000000000000e+01	8.582783e-02
1.510000000000000e+01	8.586142e-02
1.520000000000000e+01	8.589502e-02
1.530000000000000e+01	8.592861e-02
1.540000000000000e+01	8.596221e-02
1.550000000000000e+01	8.599580e-02
1.560000000000000e+01	8.602940e-02
1.570000000000000e+01	8.606298e-02
1.580000000000000e+01	8.609658e-02
1.590000000000000e+01	8.613016e-02
1.600000000000000e+01	8.616376e-02
1.610000000000000e+01	8.619735e-02
1.620000000000000e+01	8.623093e-02
1.630000000000000e+01	8.626452e-02
1.640000000000000e+01	8.629811e-02
1.650000000000000e+01	8.633169e-02
1.660000000000000e+01	8.636528e-02
1.670000000000000e+01	8.639886e-02
1.680000000000000e+01	8.643244e-02
1.690000000000000e+01	8.646602e-02
1.700000000000000e+01	8.649960e-02
1.710000000000000e+01	8.653318e-02
1.720000000000000e+01	8.656676e-02
1.730000000000000e+01	8.660034e-02
1.740000000000000e+01	8.663392e-02
1.750000000000000e+01	8.666749e-02
1.760000000000000e+01	8.670107e-02
1.770000000000000e+01	8.673465e-02
1.780000000000000e+01	8.676822e-02
1.790000000000000e+01	8.680180e-02
1.800000000000000e+01	8.683537e-02
1.810000000000000e+01	8.686894e-02
1.820000000000000e+01	8.690251e-02
1.830000000000000e+01	8.693608e-02
1.840000000000000e+01	8.696965e-02
1.850000000000000e+01	8.700322e-02
1.860000000000000e+01	8.703678e-02
1.870000000000000e+01	8.707035e-02
1.880000000000000e+01	8.710392e-02
1.890000000000000e+01	8.713748e-02
1.900000000000000e+01	8.717105e-02
1.910000000000000e+01	8.720461e-02
1.920000000000000e+01	8.723817e-02
1.930000000000000e+01	8.727174e-02
1.940000000000000e+01	8.730529e-02
1.950000000000000e+01	8.733885e-02
1.960000000000000e+01	8.737241e-02
1.970000000000000e+01	8.740597e-02
1.980000000000000e+01	8.743953e-02
1.990000000000000e+01	8.747308e-02
2.000000000000000e+01	8.750664e-02
2.010000000000000e+01	8.754019e-02
2.020000000000000e+01	8.757374e-02
2.030000000000000e+01	8.760730e-02
2.040000000000000e+01	8.764085e-02
2.050000000000000e+01	8.767440e-02
2.060000000000000e+01	8.770795e-02
2.070000000000000e+01	8.774150e-02
2.080000000000000e+01	8.777505e-02
2.090000000000000e+01	8.780860e-02
2.100000000000000e+01	8.784214e-02
2.110000000000000e+01	8.787569e-02
2.120000000000000e+01	8.790924e-02
2.130000000000000e+01	8.794278e-02
2.140000000000000e+01	8.797632e-02
2.150000000000000e+01	8.800987e-02
2.160000000000000e+01	8.804341e-02
2.170000000000000e+01	8.807695e-02
2.180000000000000e+01	8.811049e-02
2.190000000000000e+01	8.814403e-02
2.200000000000000e+01	8.817757e-02
2.210000000000000e+01	8.821110e-02
2.220000000000000e+01	8.824465e-02
2.230000000000000e+01	8.827818e-02
2.240000000000000e+01	8.831172e-02
2.250000000000000e+01	8.834525e-02
2.260000000000000e+01	8.837878e-02
2.270000000000000e+01	8.841231e-02
2.280000000000000e+01	8.844585e-02
2.290000000000000e+01	8.847938e-02
2.300000000000000e+01	8.851290e-02
2.310000000000000e+01	8.854644e-02
2.320000000000000e+01	8.857997e-02
2.330000000000000e+01	8.861350e-02
2.340000000000000e+01	8.864702e-02
2.350000000000000e+01	8.868054e-02
2.360000000000000e+01	8.871407e-02
2.370000000000000e+01	8.874759e-02
2.380000000000000e+01	8.878112e-02
2.390000000000000e+01	8.881464e-02
2.400000000000000e+01	8.884816e-02
2.410000000000000e+01	8.888168e-02
2.420000000000000e+01	8.891520e-02
2.430000000000000e+01	8.894872e-02
2.440000000000000e+01	8.898224e-02
2.450000000000000e+01	8.901576e-02
2.460000000000000e+01	8.904927e-02
2.470000000000000e+01	8.908278e-02
2.480000000000000e+01	8.911631e-02
2.490000000000000e+01	8.914982e-02
2.500000000000000e+01	8.918333e-02
2.510000000000000e+01	8.921684e-02
2.520000000000000e+01	8.925036e-02
2.530000000000000e+01	8.928386e-02
2.540000000000000e+01	8.931737e-02
2.550000000000000e+01	8.935088e-02
2.560000000000000e+01	8.938439e-02
2.570000000000000e+01	8.941790e-02
2.580000000000000e+01	8.945140e-02
2.590000000000000e+01	8.948491e-02
2.600000000000000e+01	8.951841e-02
2.610000000000000e+01	8.955192e-02
2.620000000000000e+01	8.958542e-02
2.630000000000000e+01	8.961892e-02
2.640000000000000e+01	8.965243e-02
2.650000000000000e+01	8.968592e-02
2.660000000000000e+01	8.971942e-02
2.670000000000000e+01	8.975292e-02
2.680000000000000e+01	8.978642e-02
2.690000000000000e+01	8.981992e-02
2.700000000000000e+01	8.985341e-02
2.710000000000000e+01	8.988691e-02
2.720000000000000e+01	8.992040e-02
2.730000000000000e+01	8.995390e-02
2.740000000000000e+01	8.998739e-02
2.750000000000000e+01	9.002088e-02
2.760000000000000e+01	9.005437e-02
2.770000000000000e+01	9.008786e-02
2.780000000000000e+01	9.012135e-02
2.790000000000000e+01	9.015484e-02
2.800000000000000e+01	9.018833e-02
2.810000000000000e+01	9.022181e-02
2.820000000000000e+01	9.025531e-02
2.830000000000000e+01	9.028879e-02
2.840000000000000e+01	9.032227e-02
2.850000000000000e+01	9.035575e-02
2.860000000000000e+01	9.038924e-02
2.870000000000000e+01	9.042272e-02
2.880000000000000e+01	9.045620e-02
2.890000000000000e+01	9.048968e-02
2.900000000000000e+01	9.052316e-02
2.910000000000000e+01	9.055664e-02
2.920000000000000e+01	9.059012e-02
2.930000000000000e+01	9.062359e-02
2.940000000000000e+01	9.065707e-02
2.950000000000000e+01	9.069055e-02
2.960000000000000e+01	9.072402e-02
2.970000000000000e+01	9.075749e-02
2.980000000000000e+01	9.079096e-02
2.990000000000000e+01	9.082443e-02
3.000000000000000e+01	9.085791e-02
3.010000000000000e+01	9.089138e-02
3.020000000000000e+01	9.092484e-02
3.030000000000000e+01	9.095831e-02
3.040000000000000e+01	9.099178e-02
3.050000000000000e+01	9.102525e-02
3.060000000000000e+01	9.105872e-02
3.070000000000000e+01	9.109218e-02
3.080000000000000e+01	9.112564e-02
3.090000000000000e+01	9.115911e-02
3.100000000000000e+01	9.119257e-02
3.110000000000000e+01	9.122603e-02
3.120000000000000e+01	9.125949e-02
3.130000000000000e+01	9.129295e-02
3.140000000000000e+01	9.132641e-02
3.150000000000000e+01	9.135987e-02
3.160000000000000e+01	9.139332e-02
3.170000000000000e+01	9.142678e-02
3.180000000000000e+01	9.146024e-02
3.190000000000000e+01	9.149369e-02
3.200000000000000e+01	9.152714e-02
3.210000000000000e+01	9.156059e-02
3.220000000000000e+01	9.159405e-02
3.230000000000000e+01	9.162750e-02
3.240000000000000e+01	9.166095e-02
3.250000000000000e+01	9.169440e-02
3.260000000000000e+01	9.172785e-02
3.270000000000000e+01	9.176130e-02
3.280000000000000e+01	9.179474e-02
3.290000000000000e+01	9.182819e-02
3.300000000000000e+01	9.186164e-02
3.310000000000000e+01	9.189508e-02
3.320000000000000e+01	9.192853e-02
3.330000000000000e+01	9.196197e-02
3.340000000000000e+01	9.199541e-02
3.350000000000000e+01	9.202886e-02
3.360000000000000e+01	9.206229e-02
3.370000000000000e+01	9.209573e-02
3.380000000000000e+01	9.212917e-02
3.390000000000000e+01	9.216261e-02
3.400000000000000e+01	9.219605e-02
3.410000000000000e+01	9.222949e-02
3.420000000000000e+01	9.226292e-02
3.430000000000000e+01	9.229635e-02
3.440000000000000e+01	9.232979e-02
3.450000000000000e+01	9.236322e-02
3.460000000000000e+01	9.239665e-02
3.470000000000000e+01	9.243008e-02
3.480000000000000e+01	9.246352e-02
3.490000000000000e+01	9.249694e-02
3.500000000000000e+01	9.253037e-02
Step Information: Vgs=2.5  (Step: 2/6)
0.000000000000000e+00	2.171391e-31
1.000000000000000e-01	7.338597e-01
2.000000000000000e-01	1.366374e+00
3.000000000000000e-01	1.889812e+00
4.000000000000000e-01	2.295627e+00
5.000000000000000e-01	2.574345e+00
6.000000000000001e-01	2.715434e+00
7.000000000000001e-01	2.731453e+00
8.000000000000000e-01	2.732486e+00
9.000000000000000e-01	2.733480e+00
1.000000000000000e+00	2.734474e+00
1.100000000000000e+00	2.735469e+00
1.200000000000000e+00	2.736462e+00
1.300000000000000e+00	2.737456e+00
1.400000000000000e+00	2.738450e+00
1.500000000000000e+00	2.739444e+00
1.600000000000000e+00	2.740437e+00
1.700000000000000e+00	2.741430e+00
1.800000000000000e+00	2.742423e+00
1.900000000000000e+00	2.743416e+00
2.000000000000000e+00	2.744409e+00
2.100000000000000e+00	2.745402e+00
2.200000000000000e+00	2.746395e+00
2.300000000000000e+00	2.747387e+00
2.400000000000000e+00	2.748380e+00
2.500000000000000e+00	2.749372e+00
2.600000000000000e+00	2.750364e+00
2.700000000000000e+00	2.751356e+00
2.800000000000000e+00	2.752348e+00
2.900000000000000e+00	2.753340e+00
3.000000000000000e+00	2.754332e+00
3.100000000000000e+00	2.755323e+00
3.200000000000000e+00	2.756315e+00
3.300000000000000e+00	2.757306e+00
3.400000000000000e+00	2.758297e+00
3.500000000000000e+00	2.759288e+00
3.600000000000000e+00	2.760279e+00
3.700000000000000e+00	2.761270e+00
3.800000000000000e+00	2.762260e+00
3.900000000000000e+00	2.763251e+00
4.000000000000000e+00	2.764241e+00
4.100000000000001e+00	2.765232e+00
4.200000000000000e+00	2.766222e+00
4.300000000000000e+00	2.767212e+00
4.400000000000000e+00	2.768202e+00
4.500000000000000e+00	2.769192e+00
4.600000000000001e+00	2.770181e+00
4.700000000000000e+00	2.771171e+00
4.800000000000001e+00	2.772161e+00
4.900000000000000e+00	2.773150e+00
5.000000000000000e+00	2.774139e+00
5.100000000000001e+00	2.775128e+00
5.200000000000000e+00	2.776117e+00
5.300000000000001e+00	2.777106e+00
5.400000000000000e+00	2.778095e+00
5.500000000000000e+00	2.779083e+00
5.600000000000001e+00	2.780072e+00
5.700000000000000e+00	2.781060e+00
5.800000000000001e+00	2.782048e+00
5.900000000000000e+00	2.783036e+00
6.000000000000000e+00	2.784024e+00
6.100000000000001e+00	2.785012e+00
6.200000000000000e+00	2.786000e+00
6.300000000000001e+00	2.786988e+00
6.400000000000000e+00	2.787975e+00
6.500000000000000e+00	2.788962e+00
6.600000000000001e+00	2.789950e+00
6.700000000000000e+00	2.790937e+00
6.800000000000001e+00	2.791924e+00
6.900000000000000e+00	2.792911e+00
7.000000000000000e+00	2.793897e+00
7.100000000000001e+00	2.794884e+00
7.200000000000000e+00	2.795871e+00
7.300000000000001e+00	2.796857e+00
7.400000000000000e+00	2.797843e+00
7.500000000000000e+00	2.798829e+00
7.600000000000001e+00	2.799815e+00
7.700000000000000e+00	2.800801e+00
7.800000000000001e+00	2.801787e+00
7.900000000000000e+00	2.802773e+00
8.000000000000000e+00	2.803758e+00
8.100000000000000e+00	2.804744e+00
8.200000000000001e+00	2.805729e+00
8.300000000000001e+00	2.806714e+00
8.400000000000000e+00	2.807699e+00
8.500000000000000e+00	2.808684e+00
8.600000000000000e+00	2.809669e+00
8.700000000000001e+00	2.810653e+00
8.800000000000001e+00	2.811638e+00
8.900000000000000e+00	2.812623e+00
9.000000000000000e+00	2.813607e+00
9.100000000000000e+00	2.814591e+00
9.200000000000001e+00	2.815575e+00
9.300000000000001e+00	2.816559e+00
9.400000000000000e+00	2.817543e+00
9.500000000000000e+00	2.818527e+00
9.600000000000001e+00	2.819510e+00
9.700000000000001e+00	2.820493e+00
9.800000000000001e+00	2.821477e+00
9.900000000000000e+00	2.822460e+00
1.000000000000000e+01	2.823443e+00
1.010000000000000e+01	2.824426e+00
1.020000000000000e+01	2.825409e+00
1.030000000000000e+01	2.826392e+00
1.040000000000000e+01	2.827374e+00
1.050000000000000e+01	2.828357e+00
1.060000000000000e+01	2.829339e+00
1.070000000000000e+01	2.830321e+00
1.080000000000000e+01	2.831303e+00
1.090000000000000e+01	2.832285e+00
1.100000000000000e+01	2.833267e+00
1.110000000000000e+01	2.834249e+00
1.120000000000000e+01	2.835231e+00
1.130000000000000e+01	2.836212e+00
1.140000000000000e+01	2.837193e+00
1.150000000000000e+01	2.838175e+00
1.160000000000000e+01	2.839156e+00
1.170000000000000e+01	2.840137e+00
1.180000000000000e+01	2.841118e+00
1.190000000000000e+01	2.842099e+00
1.200000000000000e+01	2.843079e+00
1.210000000000000e+01	2.844060e+00
1.220000000000000e+01	2.845040e+00
1.230000000000000e+01	2.846021e+00
1.240000000000000e+01	2.847001e+00
1.250000000000000e+01	2.847981e+00
1.260000000000000e+01	2.848961e+00
1.270000000000000e+01	2.849941e+00
1.280000000000000e+01	2.850920e+00
1.290000000000000e+01	2.851900e+00
1.300000000000000e+01	2.852879e+00
1.310000000000000e+01	2.853859e+00
1.320000000000000e+01	2.854838e+00
1.330000000000000e+01	2.855817e+00
1.340000000000000e+01	2.856796e+00
1.350000000000000e+01	2.857775e+00
1.360000000000000e+01	2.858753e+00
1.370000000000000e+01	2.859732e+00
1.380000000000000e+01	2.860711e+00
1.390000000000000e+01	2.861689e+00
1.400000000000000e+01	2.862667e+00
1.410000000000000e+01	2.863645e+00
1.420000000000000e+01	2.864623e+00
1.430000000000000e+01	2.865601e+00
1.440000000000000e+01	2.866579e+00
1.450000000000000e+01	2.867557e+00
1.460000000000000e+01	2.868534e+00
1.470000000000000e+01	2.869512e+00
1.480000000000000e+01	2.870489e+00
1.490000000000000e+01	2.871466e+00
1.500000000000000e+01	2.872443e+00
1.510000000000000e+01	2.873420e+00
1.520000000000000e+01	2.874397e+00
1.530000000000000e+01	2.875373e+00
1.540000000000000e+01	2.876350e+00
1.550000000000000e+01	2.877326e+00
1.560000000000000e+01	2.878303e+00
1.570000000000000e+01	2.879279e+00
1.580000000000000e+01	2.880255e+00
1.590000000000000e+01	2.881231e+00
1.600000000000000e+01	2.882207e+00
1.610000000000000e+01	2.883183e+00
1.620000000000000e+01	2.884158e+00
1.630000000000000e+01	2.885134e+00
1.640000000000000e+01	2.886109e+00
1.650000000000000e+01	2.887084e+00
1.660000000000000e+01	2.888059e+00
1.670000000000000e+01	2.889034e+00
1.680000000000000e+01	2.890009e+00
1.690000000000000e+01	2.890984e+00
1.700000000000000e+01	2.891959e+00
1.710000000000000e+01	2.892933e+00
1.720000000000000e+01	2.893908e+00
1.730000000000000e+01	2.894882e+00
1.740000000000000e+01	2.895856e+00
1.750000000000000e+01	2.896830e+00
1.760000000000000e+01	2.897804e+00
1.770000000000000e+01	2.898778e+00
1.780000000000000e+01	2.899751e+00
1.790000000000000e+01	2.900725e+00
1.800000000000000e+01	2.901698e+00
1.810000000000000e+01	2.902672e+00
1.820000000000000e+01	2.903645e+00
1.830000000000000e+01	2.904618e+00
1.840000000000000e+01	2.905591e+00
1.850000000000000e+01	2.906564e+00
1.860000000000000e+01	2.907537e+00
1.870000000000000e+01	2.908509e+00
1.880000000000000e+01	2.909482e+00
1.890000000000000e+01	2.910454e+00
1.900000000000000e+01	2.911426e+00
1.910000000000000e+01	2.912399e+00
1.920000000000000e+01	2.913370e+00
1.930000000000000e+01	2.914342e+00
1.940000000000000e+01	2.915314e+00
1.950000000000000e+01	2.916286e+00
1.960000000000000e+01	2.917257e+00
1.970000000000000e+01	2.918229e+00
1.980000000000000e+01	2.919200e+00
1.990000000000000e+01	2.920171e+00
2.000000000000000e+01	2.921142e+00
2.010000000000000e+01	2.922113e+00
2.020000000000000e+01	2.923084e+00
2.030000000000000e+01	2.924055e+00
2.040000000000000e+01	2.925025e+00
2.050000000000000e+01	2.925996e+00
2.060000000000000e+01	2.926966e+00
2.070000000000000e+01	2.927936e+00
2.080000000000000e+01	2.928906e+00
2.090000000000000e+01	2.929877e+00
2.100000000000000e+01	2.930846e+00
2.110000000000000e+01	2.931816e+00
2.120000000000000e+01	2.932786e+00
2.130000000000000e+01	2.933755e+00
2.140000000000000e+01	2.934725e+00
2.150000000000000e+01	2.935694e+00
2.160000000000000e+01	2.936663e+00
2.170000000000000e+01	2.937632e+00
2.180000000000000e+01	2.938601e+00
2.190000000000000e+01	2.939570e+00
2.200000000000000e+01	2.940539e+00
2.210000000000000e+01	2.941507e+00
2.220000000000000e+01	2.942476e+00
2.230000000000000e+01	2.943444e+00
2.240000000000000e+01	2.944412e+00
2.250000000000000e+01	2.945380e+00
2.260000000000000e+01	2.946348e+00
2.270000000000000e+01	2.947316e+00
2.280000000000000e+01	2.948284e+00
2.290000000000000e+01	2.949251e+00
2.300000000000000e+01	2.950219e+00
2.310000000000000e+01	2.951186e+00
2.320000000000000e+01	2.952154e+00
2.330000000000000e+01	2.953121e+00
2.340000000000000e+01	2.954088e+00
2.350000000000000e+01	2.955055e+00
2.360000000000000e+01	2.956022e+00
2.370000000000000e+01	2.956988e+00
2.380000000000000e+01	2.957955e+00
2.390000000000000e+01	2.958921e+00
2.400000000000000e+01	2.959888e+00
2.410000000000000e+01	2.960854e+00
2.420000000000000e+01	2.961820e+00
2.430000000000000e+01	2.962786e+00
2.440000000000000e+01	2.963752e+00
2.450000000000000e+01	2.964717e+00
2.460000000000000e+01	2.965683e+00
2.470000000000000e+01	2.966648e+00
2.480000000000000e+01	2.967614e+00
2.490000000000000e+01	2.968579e+00
2.500000000000000e+01	2.969544e+00
2.510000000000000e+01	2.970509e+00
2.520000000000000e+01	2.971474e+00
2.530000000000000e+01	2.972439e+00
2.540000000000000e+01	2.973404e+00
2.550000000000000e+01	2.974368e+00
2.560000000000000e+01	2.975333e+00
2.570000000000000e+01	2.976297e+00
2.580000000000000e+01	2.977261e+00
2.590000000000000e+01	2.978225e+00
2.600000000000000e+01	2.979189e+00
2.610000000000000e+01	2.980153e+00
2.620000000000000e+01	2.981117e+00
2.630000000000000e+01	2.982080e+00
2.640000000000000e+01	2.983044e+00
2.650000000000000e+01	2.984007e+00
2.660000000000000e+01	2.984971e+00
2.670000000000000e+01	2.985934e+00
2.680000000000000e+01	2.986897e+00
2.690000000000000e+01	2.987860e+00
2.700000000000000e+01	2.988822e+00
2.710000000000000e+01	2.989785e+00
2.720000000000000e+01	2.990748e+00
2.730000000000000e+01	2.991710e+00
2.740000000000000e+01	2.992672e+00
2.750000000000000e+01	2.993635e+00
2.760000000000000e+01	2.994597e+00
2.770000000000000e+01	2.995559e+00
2.780000000000000e+01	2.996521e+00
2.790000000000000e+01	2.997483e+00
2.800000000000000e+01	2.998444e+00
2.810000000000000e+01	2.999406e+00
2.820000000000000e+01	3.000367e+00
2.830000000000000e+01	3.001328e+00
2.840000000000000e+01	3.002290e+00
2.850000000000000e+01	3.003251e+00
2.860000000000000e+01	3.004211e+00
2.870000000000000e+01	3.005172e+00
2.880000000000000e+01	3.006133e+00
2.890000000000000e+01	3.007093e+00
2.900000000000000e+01	3.008054e+00
2.910000000000000e+01	3.009014e+00
2.920000000000000e+01	3.009974e+00
2.930000000000000e+01	3.010935e+00
2.940000000000000e+01	3.011895e+00
2.950000000000000e+01	3.012855e+00
2.960000000000000e+01	3.013814e+00
2.970000000000000e+01	3.014774e+00
2.980000000000000e+01	3.015733e+00
2.990000000000000e+01	3.016693e+00
3.000000000000000e+01	3.017652e+00
3.010000000000000e+01	3.018611e+00
3.020000000000000e+01	3.019571e+00
3.030000000000000e+01	3.020530e+00
3.040000000000000e+01	3.021488e+00
3.050000000000000e+01	3.022447e+00
3.060000000000000e+01	3.023406e+00
3.070000000000000e+01	3.024364e+00
3.080000000000000e+01	3.025322e+00
3.090000000000000e+01	3.026281e+00
3.100000000000000e+01	3.027239e+00
3.110000000000000e+01	3.028197e+00
3.120000000000000e+01	3.029155e+00
3.130000000000000e+01	3.030113e+00
3.140000000000000e+01	3.031070e+00
3.150000000000000e+01	3.032028e+00
3.160000000000000e+01	3.032985e+00
3.170000000000000e+01	3.033942e+00
3.180000000000000e+01	3.034900e+00
3.190000000000000e+01	3.035857e+00
3.200000000000000e+01	3.036814e+00
3.210000000000000e+01	3.037771e+00
3.220000000000000e+01	3.038728e+00
3.230000000000000e+01	3.039684e+00
3.240000000000000e+01	3.040641e+00
3.250000000000000e+01	3.041597e+00
3.260000000000000e+01	3.042553e+00
3.270000000000000e+01	3.043509e+00
3.280000000000000e+01	3.044466e+00
3.290000000000000e+01	3.045421e+00
3.300000000000000e+01	3.046377e+00
3.310000000000000e+01	3.047333e+00
3.320000000000000e+01	3.048289e+00
3.330000000000000e+01	3.049244e+00
3.340000000000000e+01	3.050200e+00
3.350000000000000e+01	3.051155e+00
3.360000000000000e+01	3.052110e+00
3.370000000000000e+01	3.053065e+00
3.380000000000000e+01	3.054020e+00
3.390000000000000e+01	3.054975e+00
3.400000000000000e+01	3.055929e+00
3.410000000000000e+01	3.056884e+00
3.420000000000000e+01	3.057838e+00
3.430000000000000e+01	3.058793e+00
3.440000000000000e+01	3.059747e+00
3.450000000000000e+01	3.060701e+00
3.460000000000000e+01	3.061655e+00
3.470000000000000e+01	3.062609e+00
3.480000000000000e+01	3.063562e+00
3.490000000000000e+01	3.064516e+00
3.500000000000000e+01	3.065470e+00
Step Information: Vgs=3  (Step: 3/6)
0.000000000000000e+00	2.171391e-31
1.000000000000000e-01	1.133933e+00
2.000000000000000e-01	2.202425e+00
3.000000000000000e-01	3.201508e+00
4.000000000000000e-01	4.126881e+00
5.000000000000000e-01	4.973881e+00
6.000000000000001e-01	5.737436e+00
7.000000000000001e-01	6.412025e+00
8.000000000000000e-01	6.991621e+00
9.000000000000000e-01	7.469635e+00
1.000000000000000e+00	7.838847e+00
1.100000000000000e+00	8.091331e+00
1.200000000000000e+00	8.218355e+00
1.300000000000000e+00	8.233547e+00
1.400000000000000e+00	8.236265e+00
1.500000000000000e+00	8.238955e+00
1.600000000000000e+00	8.241644e+00
1.700000000000000e+00	8.244332e+00
1.800000000000000e+00	8.247020e+00
1.900000000000000e+00	8.249707e+00
2.000000000000000e+00	8.252394e+00
2.100000000000000e+00	8.255080e+00
2.200000000000000e+00	8.257767e+00
2.300000000000000e+00	8.260451e+00
2.400000000000000e+00	8.263136e+00
2.500000000000000e+00	8.265821e+00
2.600000000000000e+00	8.268504e+00
2.700000000000000e+00	8.271188e+00
2.800000000000000e+00	8.273870e+00
2.900000000000000e+00	8.276552e+00
3.000000000000000e+00	8.279234e+00
3.100000000000000e+00	8.281916e+00
3.200000000000000e+00	8.284596e+00
3.300000000000000e+00	8.287276e+00
3.400000000000000e+00	8.289956e+00
3.500000000000000e+00	8.292635e+00
3.600000000000000e+00	8.295314e+00
3.700000000000000e+00	8.297992e+00
3.800000000000000e+00	8.300670e+00
3.900000000000000e+00	8.303347e+00
4.000000000000000e+00	8.306024e+00
4.100000000000001e+00	8.308700e+00
4.200000000000000e+00	8.311376e+00
4.300000000000000e+00	8.314051e+00
4.400000000000000e+00	8.316725e+00
4.500000000000000e+00	8.319399e+00
4.600000000000001e+00	8.322073e+00
4.700000000000000e+00	8.324746e+00
4.800000000000001e+00	8.327418e+00
4.900000000000000e+00	8.330091e+00
5.000000000000000e+00	8.332762e+00
5.100000000000001e+00	8.335433e+00
5.200000000000000e+00	8.338103e+00
5.300000000000001e+00	8.340774e+00
5.400000000000000e+00	8.343443e+00
5.500000000000000e+00	8.346112e+00
5.600000000000001e+00	8.348781e+00
5.700000000000000e+00	8.351449e+00
5.800000000000001e+00	8.354116e+00
5.900000000000000e+00	8.356784e+00
6.000000000000000e+00	8.359450e+00
6.100000000000001e+00	8.362116e+00
6.200000000000000e+00	8.364781e+00
6.300000000000001e+00	8.367447e+00
6.400000000000000e+00	8.370111e+00
6.500000000000000e+00	8.372775e+00
6.600000000000001e+00	8.375439e+00
6.700000000000000e+00	8.378101e+00
6.800000000000001e+00	8.380764e+00
6.900000000000000e+00	8.383426e+00
7.000000000000000e+00	8.386087e+00
7.100000000000001e+00	8.388748e+00
7.200000000000000e+00	8.391409e+00
7.300000000000001e+00	8.394069e+00
7.400000000000000e+00	8.396729e+00
7.500000000000000e+00	8.399387e+00
7.600000000000001e+00	8.402046e+00
7.700000000000000e+00	8.404704e+00
7.800000000000001e+00	8.407361e+00
7.900000000000000e+00	8.410018e+00
8.000000000000000e+00	8.412675e+00
8.100000000000000e+00	8.415331e+00
8.200000000000001e+00	8.417986e+00
8.300000000000001e+00	8.420641e+00
8.400000000000000e+00	8.423296e+00
8.500000000000000e+00	8.425950e+00
8.600000000000000e+00	8.428603e+00
8.700000000000001e+00	8.431256e+00
8.800000000000001e+00	8.433908e+00
8.900000000000000e+00	8.436561e+00
9.000000000000000e+00	8.439212e+00
9.100000000000000e+00	8.441863e+00
9.200000000000001e+00	8.444513e+00
9.300000000000001e+00	8.447164e+00
9.400000000000000e+00	8.449813e+00
9.500000000000000e+00	8.452462e+00
9.600000000000001e+00	8.455111e+00
9.700000000000001e+00	8.457758e+00
9.800000000000001e+00	8.460405e+00
9.900000000000000e+00	8.463053e+00
1.000000000000000e+01	8.465699e+00
1.010000000000000e+01	8.468346e+00
1.020000000000000e+01	8.470991e+00
1.030000000000000e+01	8.473636e+00
1.040000000000000e+01	8.476280e+00
1.050000000000000e+01	8.478925e+00
1.060000000000000e+01	8.481567e+00
1.070000000000000e+01	8.484211e+00
1.080000000000000e+01	8.486854e+00
1.090000000000000e+01	8.489495e+00
1.100000000000000e+01	8.492137e+00
1.110000000000000e+01	8.494778e+00
1.120000000000000e+01	8.497418e+00
1.130000000000000e+01	8.500058e+00
1.140000000000000e+01	8.502698e+00
1.150000000000000e+01	8.505337e+00
1.160000000000000e+01	8.507976e+00
1.170000000000000e+01	8.510613e+00
1.180000000000000e+01	8.513251e+00
1.190000000000000e+01	8.515888e+00
1.200000000000000e+01	8.518525e+00
1.210000000000000e+01	8.521161e+00
1.220000000000000e+01	8.523797e+00
1.230000000000000e+01	8.526432e+00
1.240000000000000e+01	8.529066e+00
1.250000000000000e+01	8.531700e+00
1.260000000000000e+01	8.534334e+00
1.270000000000000e+01	8.536967e+00
1.280000000000000e+01	8.539600e+00
1.290000000000000e+01	8.542233e+00
1.300000000000000e+01	8.544864e+00
1.310000000000000e+01	8.547495e+00
1.320000000000000e+01	8.550125e+00
1.330000000000000e+01	8.552755e+00
1.340000000000000e+01	8.555386e+00
1.350000000000000e+01	8.558015e+00
1.360000000000000e+01	8.560643e+00
1.370000000000000e+01	8.563272e+00
1.380000000000000e+01	8.565899e+00
1.390000000000000e+01	8.568526e+00
1.400000000000000e+01	8.571154e+00
1.410000000000000e+01	8.573779e+00
1.420000000000000e+01	8.576406e+00
1.430000000000000e+01	8.579030e+00
1.440000000000000e+01	8.581656e+00
1.450000000000000e+01	8.584280e+00
1.460000000000000e+01	8.586904e+00
1.470000000000000e+01	8.589527e+00
1.480000000000000e+01	8.592150e+00
1.490000000000000e+01	8.594771e+00
1.500000000000000e+01	8.597394e+00
1.510000000000000e+01	8.600015e+00
1.520000000000000e+01	8.602636e+00
1.530000000000000e+01	8.605256e+00
1.540000000000000e+01	8.607876e+00
1.550000000000000e+01	8.610496e+00
1.560000000000000e+01	8.613114e+00
1.570000000000000e+01	8.615733e+00
1.580000000000000e+01	8.618351e+00
1.590000000000000e+01	8.620968e+00
1.600000000000000e+01	8.623586e+00
1.610000000000000e+01	8.626202e+00
1.620000000000000e+01	8.628818e+00
1.630000000000000e+01	8.631433e+00
1.640000000000000e+01	8.634048e+00
1.650000000000000e+01	8.636662e+00
1.660000000000000e+01	8.639277e+00
1.670000000000000e+01	8.641891e+00
1.680000000000000e+01	8.644504e+00
1.690000000000000e+01	8.647116e+00
1.700000000000000e+01	8.649728e+00
1.710000000000000e+01	8.652340e+00
1.720000000000000e+01	8.654951e+00
1.730000000000000e+01	8.657561e+00
1.740000000000000e+01	8.660172e+00
1.750000000000000e+01	8.662782e+00
1.760000000000000e+01	8.665391e+00
1.770000000000000e+01	8.667999e+00
1.780000000000000e+01	8.670608e+00
1.790000000000000e+01	8.673215e+00
1.800000000000000e+01	8.675822e+00
1.810000000000000e+01	8.678430e+00
1.820000000000000e+01	8.681036e+00
1.830000000000000e+01	8.683641e+00
1.840000000000000e+01	8.686247e+00
1.850000000000000e+01	8.688851e+00
1.860000000000000e+01	8.691456e+00
1.870000000000000e+01	8.694059e+00
1.880000000000000e+01	8.696663e+00
1.890000000000000e+01	8.699266e+00
1.900000000000000e+01	8.701868e+00
1.910000000000000e+01	8.704471e+00
1.920000000000000e+01	8.707072e+00
1.930000000000000e+01	8.709673e+00
1.940000000000000e+01	8.712274e+00
1.950000000000000e+01	8.714873e+00
1.960000000000000e+01	8.717473e+00
1.970000000000000e+01	8.720072e+00
1.980000000000000e+01	8.722671e+00
1.990000000000000e+01	8.725268e+00
2.000000000000000e+01	8.727866e+00
2.010000000000000e+01	8.730463e+00
2.020000000000000e+01	8.733060e+00
2.030000000000000e+01	8.735656e+00
2.040000000000000e+01	8.738252e+00
2.050000000000000e+01	8.740848e+00
2.060000000000000e+01	8.743442e+00
2.070000000000000e+01	8.746037e+00
2.080000000000000e+01	8.748630e+00
2.090000000000000e+01	8.751224e+00
2.100000000000000e+01	8.753816e+00
2.110000000000000e+01	8.756409e+00
2.120000000000000e+01	8.759000e+00
2.130000000000000e+01	8.761592e+00
2.140000000000000e+01	8.764182e+00
2.150000000000000e+01	8.766773e+00
2.160000000000000e+01	8.769362e+00
2.170000000000000e+01	8.771953e+00
2.180000000000000e+01	8.774541e+00
2.190000000000000e+01	8.777130e+00
2.200000000000000e+01	8.779717e+00
2.210000000000000e+01	8.782306e+00
2.220000000000000e+01	8.784892e+00
2.230000000000000e+01	8.787479e+00
2.240000000000000e+01	8.790065e+00
2.250000000000000e+01	8.792651e+00
2.260000000000000e+01	8.795236e+00
2.270000000000000e+01	8.797821e+00
2.280000000000000e+01	8.800405e+00
2.290000000000000e+01	8.802989e+00
2.300000000000000e+01	8.805572e+00
2.310000000000000e+01	8.808155e+00
2.320000000000000e+01	8.810737e+00
2.330000000000000e+01	8.813319e+00
2.340000000000000e+01	8.815900e+00
2.350000000000000e+01	8.818481e+00
2.360000000000000e+01	8.821061e+00
2.370000000000000e+01	8.823642e+00
2.380000000000000e+01	8.826221e+00
2.390000000000000e+01	8.828800e+00
2.400000000000000e+01	8.831379e+00
2.410000000000000e+01	8.833957e+00
2.420000000000000e+01	8.836535e+00
2.430000000000000e+01	8.839111e+00
2.440000000000000e+01	8.841688e+00
2.450000000000000e+01	8.844264e+00
2.460000000000000e+01	8.846840e+00
2.470000000000000e+01	8.849415e+00
2.480000000000000e+01	8.851990e+00
2.490000000000000e+01	8.854564e+00
2.500000000000000e+01	8.857138e+00
2.510000000000000e+01	8.859711e+00
2.520000000000000e+01	8.862284e+00
2.530000000000000e+01	8.864856e+00
2.540000000000000e+01	8.867428e+00
2.550000000000000e+01	8.870000e+00
2.560000000000000e+01	8.872570e+00
2.570000000000000e+01	8.875141e+00
2.580000000000000e+01	8.877711e+00
2.590000000000000e+01	8.880280e+00
2.600000000000000e+01	8.882850e+00
2.610000000000000e+01	8.885418e+00
2.620000000000000e+01	8.887986e+00
2.630000000000000e+01	8.890553e+00
2.640000000000000e+01	8.893121e+00
2.650000000000000e+01	8.895688e+00
2.660000000000000e+01	8.898254e+00
2.670000000000000e+01	8.900820e+00
2.680000000000000e+01	8.903385e+00
2.690000000000000e+01	8.905950e+00
2.700000000000000e+01	8.908514e+00
2.710000000000000e+01	8.911078e+00
2.720000000000000e+01	8.913642e+00
2.730000000000000e+01	8.916204e+00
2.740000000000000e+01	8.918767e+00
2.750000000000000e+01	8.921329e+00
2.760000000000000e+01	8.923891e+00
2.770000000000000e+01	8.926452e+00
2.780000000000000e+01	8.929012e+00
2.790000000000000e+01	8.931573e+00
2.800000000000000e+01	8.934133e+00
2.810000000000000e+01	8.936691e+00
2.820000000000000e+01	8.939250e+00
2.830000000000000e+01	8.941809e+00
2.840000000000000e+01	8.944366e+00
2.850000000000000e+01	8.946923e+00
2.860000000000000e+01	8.949480e+00
2.870000000000000e+01	8.952037e+00
2.880000000000000e+01	8.954593e+00
2.890000000000000e+01	8.957149e+00
2.900000000000000e+01	8.959703e+00
2.910000000000000e+01	8.962257e+00
2.920000000000000e+01	8.964812e+00
2.930000000000000e+01	8.967365e+00
2.940000000000000e+01	8.969918e+00
2.950000000000000e+01	8.972471e+00
2.960000000000000e+01	8.975023e+00
2.970000000000000e+01	8.977575e+00
2.980000000000000e+01	8.980126e+00
2.990000000000000e+01	8.982677e+00
3.000000000000000e+01	8.985228e+00
3.010000000000000e+01	8.987778e+00
3.020000000000000e+01	8.990327e+00
3.030000000000000e+01	8.992876e+00
3.040000000000000e+01	8.995424e+00
3.050000000000000e+01	8.997972e+00
3.060000000000000e+01	9.000520e+00
3.070000000000000e+01	9.003067e+00
3.080000000000000e+01	9.005614e+00
3.090000000000000e+01	9.008160e+00
3.100000000000000e+01	9.010706e+00
3.110000000000000e+01	9.013251e+00
3.120000000000000e+01	9.015796e+00
3.130000000000000e+01	9.018340e+00
3.140000000000000e+01	9.020884e+00
3.150000000000000e+01	9.023427e+00
3.160000000000000e+01	9.025970e+00
3.170000000000000e+01	9.028513e+00
3.180000000000000e+01	9.031054e+00
3.190000000000000e+01	9.033596e+00
3.200000000000000e+01	9.036138e+00
3.210000000000000e+01	9.038678e+00
3.220000000000000e+01	9.041218e+00
3.230000000000000e+01	9.043757e+00
3.240000000000000e+01	9.046297e+00
3.250000000000000e+01	9.048836e+00
3.260000000000000e+01	9.051374e+00
3.270000000000000e+01	9.053912e+00
3.280000000000000e+01	9.056450e+00
3.290000000000000e+01	9.058987e+00
3.300000000000000e+01	9.061522e+00
3.310000000000000e+01	9.064059e+00
3.320000000000000e+01	9.066594e+00
3.330000000000000e+01	9.069130e+00
3.340000000000000e+01	9.071664e+00
3.350000000000000e+01	9.074199e+00
3.360000000000000e+01	9.076733e+00
3.370000000000000e+01	9.079266e+00
3.380000000000000e+01	9.081799e+00
3.390000000000000e+01	9.084331e+00
3.400000000000000e+01	9.086863e+00
3.410000000000000e+01	9.089394e+00
3.420000000000000e+01	9.091925e+00
3.430000000000000e+01	9.094456e+00
3.440000000000000e+01	9.096986e+00
3.450000000000000e+01	9.099515e+00
3.460000000000000e+01	9.102044e+00
3.470000000000000e+01	9.104573e+00
3.480000000000000e+01	9.107101e+00
3.490000000000000e+01	9.109629e+00
3.500000000000000e+01	9.112156e+00
Step Information: Vgs=3.5  (Step: 4/6)
0.000000000000000e+00	2.171391e-31
1.000000000000000e-01	1.404168e+00
2.000000000000000e-01	2.762617e+00
3.000000000000000e-01	4.073046e+00
4.000000000000000e-01	5.332996e+00
5.000000000000000e-01	6.539835e+00
6.000000000000001e-01	7.690744e+00
7.000000000000001e-01	8.782701e+00
8.000000000000000e-01	9.812455e+00
9.000000000000000e-01	1.077652e+01
1.000000000000000e+00	1.167112e+01
1.100000000000000e+00	1.249222e+01
1.200000000000000e+00	1.323542e+01
1.300000000000000e+00	1.389599e+01
1.400000000000000e+00	1.446878e+01
1.500000000000000e+00	1.494823e+01
1.600000000000000e+00	1.532825e+01
1.700000000000000e+00	1.560225e+01
1.800000000000000e+00	1.576301e+01
1.900000000000000e+00	1.580575e+01
2.000000000000000e+00	1.581050e+01
2.100000000000000e+00	1.581522e+01
2.200000000000000e+00	1.581994e+01
2.300000000000000e+00	1.582466e+01
2.400000000000000e+00	1.582937e+01
2.500000000000000e+00	1.583409e+01
2.600000000000000e+00	1.583880e+01
2.700000000000000e+00	1.584352e+01
2.800000000000000e+00	1.584823e+01
2.900000000000000e+00	1.585294e+01
3.000000000000000e+00	1.585765e+01
3.100000000000000e+00	1.586236e+01
3.200000000000000e+00	1.586706e+01
3.300000000000000e+00	1.587177e+01
3.400000000000000e+00	1.587647e+01
3.500000000000000e+00	1.588118e+01
3.600000000000000e+00	1.588588e+01
3.700000000000000e+00	1.589058e+01
3.800000000000000e+00	1.589528e+01
3.900000000000000e+00	1.589998e+01
4.000000000000000e+00	1.590468e+01
4.100000000000001e+00	1.590938e+01
4.200000000000000e+00	1.591407e+01
4.300000000000000e+00	1.591877e+01
4.400000000000000e+00	1.592346e+01
4.500000000000000e+00	1.592816e+01
4.600000000000001e+00	1.593285e+01
4.700000000000000e+00	1.593754e+01
4.800000000000001e+00	1.594223e+01
4.900000000000000e+00	1.594692e+01
5.000000000000000e+00	1.595160e+01
5.100000000000001e+00	1.595629e+01
5.200000000000000e+00	1.596098e+01
5.300000000000001e+00	1.596566e+01
5.400000000000000e+00	1.597034e+01
5.500000000000000e+00	1.597503e+01
5.600000000000001e+00	1.597971e+01
5.700000000000000e+00	1.598439e+01
5.800000000000001e+00	1.598906e+01
5.900000000000000e+00	1.599374e+01
6.000000000000000e+00	1.599842e+01
6.100000000000001e+00	1.600309e+01
6.200000000000000e+00	1.600777e+01
6.300000000000001e+00	1.601244e+01
6.400000000000000e+00	1.601711e+01
6.500000000000000e+00	1.602178e+01
6.600000000000001e+00	1.602645e+01
6.700000000000000e+00	1.603112e+01
6.800000000000001e+00	1.603579e+01
6.900000000000000e+00	1.604046e+01
7.000000000000000e+00	1.604512e+01
7.100000000000001e+00	1.604979e+01
7.200000000000000e+00	1.605445e+01
7.300000000000001e+00	1.605911e+01
7.400000000000000e+00	1.606377e+01
7.500000000000000e+00	1.606843e+01
7.600000000000001e+00	1.607309e+01
7.700000000000000e+00	1.607775e+01
7.800000000000001e+00	1.608241e+01
7.900000000000000e+00	1.608706e+01
8.000000000000000e+00	1.609171e+01
8.100000000000000e+00	1.609637e+01
8.200000000000001e+00	1.610102e+01
8.300000000000001e+00	1.610567e+01
8.400000000000000e+00	1.611032e+01
8.500000000000000e+00	1.611497e+01
8.600000000000000e+00	1.611962e+01
8.700000000000001e+00	1.612427e+01
8.800000000000001e+00	1.612891e+01
8.900000000000000e+00	1.613356e+01
9.000000000000000e+00	1.613820e+01
9.100000000000000e+00	1.614284e+01
9.200000000000001e+00	1.614748e+01
9.300000000000001e+00	1.615212e+01
9.400000000000000e+00	1.615676e+01
9.500000000000000e+00	1.616140e+01
9.600000000000001e+00	1.616604e+01
9.700000000000001e+00	1.617067e+01
9.800000000000001e+00	1.617531e+01
9.900000000000000e+00	1.617994e+01
1.000000000000000e+01	1.618458e+01
1.010000000000000e+01	1.618921e+01
1.020000000000000e+01	1.619384e+01
1.030000000000000e+01	1.619847e+01
1.040000000000000e+01	1.620310e+01
1.050000000000000e+01	1.620772e+01
1.060000000000000e+01	1.621235e+01
1.070000000000000e+01	1.621697e+01
1.080000000000000e+01	1.622160e+01
1.090000000000000e+01	1.622622e+01
1.100000000000000e+01	1.623084e+01
1.110000000000000e+01	1.623546e+01
1.120000000000000e+01	1.624008e+01
1.130000000000000e+01	1.624470e+01
1.140000000000000e+01	1.624932e+01
1.150000000000000e+01	1.625394e+01
1.160000000000000e+01	1.625855e+01
1.170000000000000e+01	1.626317e+01
1.180000000000000e+01	1.626778e+01
1.190000000000000e+01	1.627239e+01
1.200000000000000e+01	1.627700e+01
1.210000000000000e+01	1.628161e+01
1.220000000000000e+01	1.628622e+01
1.230000000000000e+01	1.629083e+01
1.240000000000000e+01	1.629544e+01
1.250000000000000e+01	1.630004e+01
1.260000000000000e+01	1.630465e+01
1.270000000000000e+01	1.630925e+01
1.280000000000000e+01	1.631385e+01
1.290000000000000e+01	1.631846e+01
1.300000000000000e+01	1.632306e+01
1.310000000000000e+01	1.632766e+01
1.320000000000000e+01	1.633225e+01
1.330000000000000e+01	1.633685e+01
1.340000000000000e+01	1.634145e+01
1.350000000000000e+01	1.634604e+01
1.360000000000000e+01	1.635064e+01
1.370000000000000e+01	1.635523e+01
1.380000000000000e+01	1.635982e+01
1.390000000000000e+01	1.636441e+01
1.400000000000000e+01	1.636900e+01
1.410000000000000e+01	1.637359e+01
1.420000000000000e+01	1.637818e+01
1.430000000000000e+01	1.638276e+01
1.440000000000000e+01	1.638735e+01
1.450000000000000e+01	1.639194e+01
1.460000000000000e+01	1.639652e+01
1.470000000000000e+01	1.640110e+01
1.480000000000000e+01	1.640568e+01
1.490000000000000e+01	1.641026e+01
1.500000000000000e+01	1.641484e+01
1.510000000000000e+01	1.641942e+01
1.520000000000000e+01	1.642400e+01
1.530000000000000e+01	1.642857e+01
1.540000000000000e+01	1.643315e+01
1.550000000000000e+01	1.643772e+01
1.560000000000000e+01	1.644230e+01
1.570000000000000e+01	1.644687e+01
1.580000000000000e+01	1.645144e+01
1.590000000000000e+01	1.645601e+01
1.600000000000000e+01	1.646058e+01
1.610000000000000e+01	1.646514e+01
1.620000000000000e+01	1.646971e+01
1.630000000000000e+01	1.647428e+01
1.640000000000000e+01	1.647884e+01
1.650000000000000e+01	1.648340e+01
1.660000000000000e+01	1.648797e+01
1.670000000000000e+01	1.649253e+01
1.680000000000000e+01	1.649709e+01
1.690000000000000e+01	1.650165e+01
1.700000000000000e+01	1.650620e+01
1.710000000000000e+01	1.651076e+01
1.720000000000000e+01	1.651532e+01
1.730000000000000e+01	1.651987e+01
1.740000000000000e+01	1.652443e+01
1.750000000000000e+01	1.652898e+01
1.760000000000000e+01	1.653353e+01
1.770000000000000e+01	1.653808e+01
1.780000000000000e+01	1.654263e+01
1.790000000000000e+01	1.654718e+01
1.800000000000000e+01	1.655173e+01
1.810000000000000e+01	1.655627e+01
1.820000000000000e+01	1.656082e+01
1.830000000000000e+01	1.656536e+01
1.840000000000000e+01	1.656991e+01
1.850000000000000e+01	1.657445e+01
1.860000000000000e+01	1.657899e+01
1.870000000000000e+01	1.658353e+01
1.880000000000000e+01	1.658807e+01
1.890000000000000e+01	1.659261e+01
1.900000000000000e+01	1.659715e+01
1.910000000000000e+01	1.660168e+01
1.920000000000000e+01	1.660622e+01
1.930000000000000e+01	1.661075e+01
1.940000000000000e+01	1.661529e+01
1.950000000000000e+01	1.661982e+01
1.960000000000000e+01	1.662435e+01
1.970000000000000e+01	1.662888e+01
1.980000000000000e+01	1.663341e+01
1.990000000000000e+01	1.663793e+01
2.000000000000000e+01	1.664246e+01
2.010000000000000e+01	1.664699e+01
2.020000000000000e+01	1.665151e+01
2.030000000000000e+01	1.665604e+01
2.040000000000000e+01	1.666056e+01
2.050000000000000e+01	1.666508e+01
2.060000000000000e+01	1.666960e+01
2.070000000000000e+01	1.667412e+01
2.080000000000000e+01	1.667864e+01
2.090000000000000e+01	1.668316e+01
2.100000000000000e+01	1.668767e+01
2.110000000000000e+01	1.669219e+01
2.120000000000000e+01	1.669670e+01
2.130000000000000e+01	1.670122e+01
2.140000000000000e+01	1.670573e+01
2.150000000000000e+01	1.671024e+01
2.160000000000000e+01	1.671475e+01
2.170000000000000e+01	1.671926e+01
2.180000000000000e+01	1.672377e+01
2.190000000000000e+01	1.672827e+01
2.200000000000000e+01	1.673278e+01
2.210000000000000e+01	1.673729e+01
2.220000000000000e+01	1.674179e+01
2.230000000000000e+01	1.674629e+01
2.240000000000000e+01	1.675079e+01
2.250000000000000e+01	1.675529e+01
2.260000000000000e+01	1.675980e+01
2.270000000000000e+01	1.676429e+01
2.280000000000000e+01	1.676879e+01
2.290000000000000e+01	1.677329e+01
2.300000000000000e+01	1.677778e+01
2.310000000000000e+01	1.678228e+01
2.320000000000000e+01	1.678677e+01
2.330000000000000e+01	1.679127e+01
2.340000000000000e+01	1.679576e+01
2.350000000000000e+01	1.680025e+01
2.360000000000000e+01	1.680474e+01
2.370000000000000e+01	1.680923e+01
2.380000000000000e+01	1.681371e+01
2.390000000000000e+01	1.681820e+01
2.400000000000000e+01	1.682269e+01
2.410000000000000e+01	1.682717e+01
2.420000000000000e+01	1.683166e+01
2.430000000000000e+01	1.683614e+01
2.440000000000000e+01	1.684062e+01
2.450000000000000e+01	1.684510e+01
2.460000000000000e+01	1.684958e+01
2.470000000000000e+01	1.685406e+01
2.480000000000000e+01	1.685854e+01
2.490000000000000e+01	1.686301e+01
2.500000000000000e+01	1.686749e+01
2.510000000000000e+01	1.687196e+01
2.520000000000000e+01	1.687644e+01
2.530000000000000e+01	1.688091e+01
2.540000000000000e+01	1.688538e+01
2.550000000000000e+01	1.688985e+01
2.560000000000000e+01	1.689432e+01
2.570000000000000e+01	1.689879e+01
2.580000000000000e+01	1.690326e+01
2.590000000000000e+01	1.690772e+01
2.600000000000000e+01	1.691219e+01
2.610000000000000e+01	1.691665e+01
2.620000000000000e+01	1.692111e+01
2.630000000000000e+01	1.692558e+01
2.640000000000000e+01	1.693004e+01
2.650000000000000e+01	1.693450e+01
2.660000000000000e+01	1.693896e+01
2.670000000000000e+01	1.694341e+01
2.680000000000000e+01	1.694787e+01
2.690000000000000e+01	1.695233e+01
2.700000000000000e+01	1.695678e+01
2.710000000000000e+01	1.696124e+01
2.720000000000000e+01	1.696569e+01
2.730000000000000e+01	1.697014e+01
2.740000000000000e+01	1.697459e+01
2.750000000000000e+01	1.697905e+01
2.760000000000000e+01	1.698349e+01
2.770000000000000e+01	1.698794e+01
2.780000000000000e+01	1.699239e+01
2.790000000000000e+01	1.699684e+01
2.800000000000000e+01	1.700128e+01
2.810000000000000e+01	1.700573e+01
2.820000000000000e+01	1.701017e+01
2.830000000000000e+01	1.701461e+01
2.840000000000000e+01	1.701905e+01
2.850000000000000e+01	1.702349e+01
2.860000000000000e+01	1.702793e+01
2.870000000000000e+01	1.703237e+01
2.880000000000000e+01	1.703681e+01
2.890000000000000e+01	1.704124e+01
2.900000000000000e+01	1.704568e+01
2.910000000000000e+01	1.705011e+01
2.920000000000000e+01	1.705454e+01
2.930000000000000e+01	1.705898e+01
2.940000000000000e+01	1.706341e+01
2.950000000000000e+01	1.706784e+01
2.960000000000000e+01	1.707227e+01
2.970000000000000e+01	1.707670e+01
2.980000000000000e+01	1.708112e+01
2.990000000000000e+01	1.708555e+01
3.000000000000000e+01	1.708997e+01
3.010000000000000e+01	1.709440e+01
3.020000000000000e+01	1.709882e+01
3.030000000000000e+01	1.710324e+01
3.040000000000000e+01	1.710766e+01
3.050000000000000e+01	1.711209e+01
3.060000000000000e+01	1.711650e+01
3.070000000000000e+01	1.712092e+01
3.080000000000000e+01	1.712534e+01
3.090000000000000e+01	1.712976e+01
3.100000000000000e+01	1.713417e+01
3.110000000000000e+01	1.713859e+01
3.120000000000000e+01	1.714300e+01
3.130000000000000e+01	1.714741e+01
3.140000000000000e+01	1.715182e+01
3.150000000000000e+01	1.715623e+01
3.160000000000000e+01	1.716064e+01
3.170000000000000e+01	1.716505e+01
3.180000000000000e+01	1.716946e+01
3.190000000000000e+01	1.717386e+01
3.200000000000000e+01	1.717827e+01
3.210000000000000e+01	1.718267e+01
3.220000000000000e+01	1.718708e+01
3.230000000000000e+01	1.719148e+01
3.240000000000000e+01	1.719588e+01
3.250000000000000e+01	1.720028e+01
3.260000000000000e+01	1.720468e+01
3.270000000000000e+01	1.720908e+01
3.280000000000000e+01	1.721348e+01
3.290000000000000e+01	1.721787e+01
3.300000000000000e+01	1.722227e+01
3.310000000000000e+01	1.722666e+01
3.320000000000000e+01	1.723106e+01
3.330000000000000e+01	1.723545e+01
3.340000000000000e+01	1.723984e+01
3.350000000000000e+01	1.724423e+01
3.360000000000000e+01	1.724862e+01
3.370000000000000e+01	1.725301e+01
3.380000000000000e+01	1.725740e+01
3.390000000000000e+01	1.726178e+01
3.400000000000000e+01	1.726617e+01
3.410000000000000e+01	1.727055e+01
3.420000000000000e+01	1.727494e+01
3.430000000000000e+01	1.727932e+01
3.440000000000000e+01	1.728370e+01
3.450000000000000e+01	1.728808e+01
3.460000000000000e+01	1.729246e+01
3.470000000000000e+01	1.729684e+01
3.480000000000000e+01	1.730122e+01
3.490000000000000e+01	1.730560e+01
3.500000000000000e+01	1.730997e+01
Step Information: Vgs=4  (Step: 5/6)
0.000000000000000e+00	2.171391e-31
1.000000000000000e-01	1.598951e+00
2.000000000000000e-01	3.164166e+00
3.000000000000000e-01	4.694195e+00
4.000000000000000e-01	6.187501e+00
5.000000000000000e-01	7.642458e+00
6.000000000000001e-01	9.057340e+00
7.000000000000001e-01	1.043031e+01
8.000000000000000e-01	1.175944e+01
9.000000000000000e-01	1.304264e+01
1.000000000000000e+00	1.427771e+01
1.100000000000000e+00	1.546232e+01
1.200000000000000e+00	1.659396e+01
1.300000000000000e+00	1.766995e+01
1.400000000000000e+00	1.868744e+01
1.500000000000000e+00	1.964338e+01
1.600000000000000e+00	2.053448e+01
1.700000000000000e+00	2.135724e+01
1.800000000000000e+00	2.210787e+01
1.900000000000000e+00	2.278232e+01
2.000000000000000e+00	2.337621e+01
2.100000000000000e+00	2.388482e+01
2.200000000000000e+00	2.430304e+01
2.300000000000000e+00	2.462537e+01
2.400000000000000e+00	2.484580e+01
2.500000000000000e+00	2.495784e+01
2.600000000000000e+00	2.497489e+01
2.700000000000000e+00	2.498181e+01
2.800000000000000e+00	2.498871e+01
2.900000000000000e+00	2.499562e+01
3.000000000000000e+00	2.500252e+01
3.100000000000000e+00	2.500941e+01
3.200000000000000e+00	2.501631e+01
3.300000000000000e+00	2.502320e+01
3.400000000000000e+00	2.503010e+01
3.500000000000000e+00	2.503699e+01
3.600000000000000e+00	2.504388e+01
3.700000000000000e+00	2.505076e+01
3.800000000000000e+00	2.505765e+01
3.900000000000000e+00	2.506453e+01
4.000000000000000e+00	2.507141e+01
4.100000000000001e+00	2.507829e+01
4.200000000000000e+00	2.508517e+01
4.300000000000000e+00	2.509205e+01
4.400000000000000e+00	2.509892e+01
4.500000000000000e+00	2.510579e+01
4.600000000000001e+00	2.511266e+01
4.700000000000000e+00	2.511953e+01
4.800000000000001e+00	2.512640e+01
4.900000000000000e+00	2.513326e+01
5.000000000000000e+00	2.514013e+01
5.100000000000001e+00	2.514699e+01
5.200000000000000e+00	2.515385e+01
5.300000000000001e+00	2.516070e+01
5.400000000000000e+00	2.516756e+01
5.500000000000000e+00	2.517441e+01
5.600000000000001e+00	2.518126e+01
5.700000000000000e+00	2.518811e+01
5.800000000000001e+00	2.519496e+01
5.900000000000000e+00	2.520181e+01
6.000000000000000e+00	2.520865e+01
6.100000000000001e+00	2.521549e+01
6.200000000000000e+00	2.522233e+01
6.300000000000001e+00	2.522917e+01
6.400000000000000e+00	2.523601e+01
6.500000000000000e+00	2.524285e+01
6.600000000000001e+00	2.524968e+01
6.700000000000000e+00	2.525651e+01
6.800000000000001e+00	2.526334e+01
6.900000000000000e+00	2.527017e+01
7.000000000000000e+00	2.527699e+01
7.100000000000001e+00	2.528382e+01
7.200000000000000e+00	2.529064e+01
7.300000000000001e+00	2.529746e+01
7.400000000000000e+00	2.530428e+01
7.500000000000000e+00	2.531109e+01
7.600000000000001e+00	2.531791e+01
7.700000000000000e+00	2.532472e+01
7.800000000000001e+00	2.533153e+01
7.900000000000000e+00	2.533834e+01
8.000000000000000e+00	2.534515e+01
8.100000000000000e+00	2.535196e+01
8.200000000000001e+00	2.535876e+01
8.300000000000001e+00	2.536556e+01
8.400000000000000e+00	2.537236e+01
8.500000000000000e+00	2.537916e+01
8.600000000000000e+00	2.538596e+01
8.700000000000001e+00	2.539275e+01
8.800000000000001e+00	2.539954e+01
8.900000000000000e+00	2.540633e+01
9.000000000000000e+00	2.541312e+01
9.100000000000000e+00	2.541991e+01
9.200000000000001e+00	2.542670e+01
9.300000000000001e+00	2.543348e+01
9.400000000000000e+00	2.544026e+01
9.500000000000000e+00	2.544704e+01
9.600000000000001e+00	2.545382e+01
9.700000000000001e+00	2.546060e+01
9.800000000000001e+00	2.546737e+01
9.900000000000000e+00	2.547414e+01
1.000000000000000e+01	2.548092e+01
1.010000000000000e+01	2.548768e+01
1.020000000000000e+01	2.549445e+01
1.030000000000000e+01	2.550122e+01
1.040000000000000e+01	2.550798e+01
1.050000000000000e+01	2.551474e+01
1.060000000000000e+01	2.552150e+01
1.070000000000000e+01	2.552826e+01
1.080000000000000e+01	2.553502e+01
1.090000000000000e+01	2.554177e+01
1.100000000000000e+01	2.554852e+01
1.110000000000000e+01	2.555528e+01
1.120000000000000e+01	2.556203e+01
1.130000000000000e+01	2.556877e+01
1.140000000000000e+01	2.557552e+01
1.150000000000000e+01	2.558226e+01
1.160000000000000e+01	2.558900e+01
1.170000000000000e+01	2.559575e+01
1.180000000000000e+01	2.560248e+01
1.190000000000000e+01	2.560922e+01
1.200000000000000e+01	2.561596e+01
1.210000000000000e+01	2.562269e+01
1.220000000000000e+01	2.562942e+01
1.230000000000000e+01	2.563615e+01
1.240000000000000e+01	2.564288e+01
1.250000000000000e+01	2.564960e+01
1.260000000000000e+01	2.565633e+01
1.270000000000000e+01	2.566305e+01
1.280000000000000e+01	2.566977e+01
1.290000000000000e+01	2.567649e+01
1.300000000000000e+01	2.568320e+01
1.310000000000000e+01	2.568992e+01
1.320000000000000e+01	2.569663e+01
1.330000000000000e+01	2.570334e+01
1.340000000000000e+01	2.571005e+01
1.350000000000000e+01	2.571676e+01
1.360000000000000e+01	2.572347e+01
1.370000000000000e+01	2.573017e+01
1.380000000000000e+01	2.573688e+01
1.390000000000000e+01	2.574358e+01
1.400000000000000e+01	2.575028e+01
1.410000000000000e+01	2.575697e+01
1.420000000000000e+01	2.576367e+01
1.430000000000000e+01	2.577036e+01
1.440000000000000e+01	2.577706e+01
1.450000000000000e+01	2.578374e+01
1.460000000000000e+01	2.579043e+01
1.470000000000000e+01	2.579712e+01
1.480000000000000e+01	2.580381e+01
1.490000000000000e+01	2.581049e+01
1.500000000000000e+01	2.581717e+01
1.510000000000000e+01	2.582385e+01
1.520000000000000e+01	2.583053e+01
1.530000000000000e+01	2.583720e+01
1.540000000000000e+01	2.584388e+01
1.550000000000000e+01	2.585055e+01
1.560000000000000e+01	2.585722e+01
1.570000000000000e+01	2.586389e+01
1.580000000000000e+01	2.587056e+01
1.590000000000000e+01	2.587722e+01
1.600000000000000e+01	2.588389e+01
1.610000000000000e+01	2.589055e+01
1.620000000000000e+01	2.589721e+01
1.630000000000000e+01	2.590387e+01
1.640000000000000e+01	2.591052e+01
1.650000000000000e+01	2.591718e+01
1.660000000000000e+01	2.592383e+01
1.670000000000000e+01	2.593048e+01
1.680000000000000e+01	2.593713e+01
1.690000000000000e+01	2.594378e+01
1.700000000000000e+01	2.595043e+01
1.710000000000000e+01	2.595707e+01
1.720000000000000e+01	2.596371e+01
1.730000000000000e+01	2.597035e+01
1.740000000000000e+01	2.597699e+01
1.750000000000000e+01	2.598363e+01
1.760000000000000e+01	2.599027e+01
1.770000000000000e+01	2.599690e+01
1.780000000000000e+01	2.600353e+01
1.790000000000000e+01	2.601016e+01
1.800000000000000e+01	2.601679e+01
1.810000000000000e+01	2.602342e+01
1.820000000000000e+01	2.603004e+01
1.830000000000000e+01	2.603667e+01
1.840000000000000e+01	2.604329e+01
1.850000000000000e+01	2.604991e+01
1.860000000000000e+01	2.605653e+01
1.870000000000000e+01	2.606314e+01
1.880000000000000e+01	2.606976e+01
1.890000000000000e+01	2.607637e+01
1.900000000000000e+01	2.608298e+01
1.910000000000000e+01	2.608959e+01
1.920000000000000e+01	2.609620e+01
1.930000000000000e+01	2.610280e+01
1.940000000000000e+01	2.610941e+01
1.950000000000000e+01	2.611601e+01
1.960000000000000e+01	2.612261e+01
1.970000000000000e+01	2.612921e+01
1.980000000000000e+01	2.613581e+01
1.990000000000000e+01	2.614240e+01
2.000000000000000e+01	2.614900e+01
2.010000000000000e+01	2.615559e+01
2.020000000000000e+01	2.616218e+01
2.030000000000000e+01	2.616877e+01
2.040000000000000e+01	2.617536e+01
2.050000000000000e+01	2.618194e+01
2.060000000000000e+01	2.618853e+01
2.070000000000000e+01	2.619511e+01
2.080000000000000e+01	2.620169e+01
2.090000000000000e+01	2.620827e+01
2.100000000000000e+01	2.621484e+01
2.110000000000000e+01	2.622142e+01
2.120000000000000e+01	2.622799e+01
2.130000000000000e+01	2.623456e+01
2.140000000000000e+01	2.624113e+01
2.150000000000000e+01	2.624770e+01
2.160000000000000e+01	2.625426e+01
2.170000000000000e+01	2.626083e+01
2.180000000000000e+01	2.626739e+01
2.190000000000000e+01	2.627395e+01
2.200000000000000e+01	2.628051e+01
2.210000000000000e+01	2.628707e+01
2.220000000000000e+01	2.629363e+01
2.230000000000000e+01	2.630018e+01
2.240000000000000e+01	2.630673e+01
2.250000000000000e+01	2.631329e+01
2.260000000000000e+01	2.631983e+01
2.270000000000000e+01	2.632638e+01
2.280000000000000e+01	2.633293e+01
2.290000000000000e+01	2.633947e+01
2.300000000000000e+01	2.634601e+01
2.310000000000000e+01	2.635255e+01
2.320000000000000e+01	2.635909e+01
2.330000000000000e+01	2.636563e+01
2.340000000000000e+01	2.637217e+01
2.350000000000000e+01	2.637870e+01
2.360000000000000e+01	2.638523e+01
2.370000000000000e+01	2.639176e+01
2.380000000000000e+01	2.639829e+01
2.390000000000000e+01	2.640482e+01
2.400000000000000e+01	2.641134e+01
2.410000000000000e+01	2.641787e+01
2.420000000000000e+01	2.642439e+01
2.430000000000000e+01	2.643091e+01
2.440000000000000e+01	2.643743e+01
2.450000000000000e+01	2.644394e+01
2.460000000000000e+01	2.645046e+01
2.470000000000000e+01	2.645697e+01
2.480000000000000e+01	2.646349e+01
2.490000000000000e+01	2.647000e+01
2.500000000000000e+01	2.647650e+01
2.510000000000000e+01	2.648301e+01
2.520000000000000e+01	2.648952e+01
2.530000000000000e+01	2.649602e+01
2.540000000000000e+01	2.650252e+01
2.550000000000000e+01	2.650902e+01
2.560000000000000e+01	2.651552e+01
2.570000000000000e+01	2.652202e+01
2.580000000000000e+01	2.652851e+01
2.590000000000000e+01	2.653500e+01
2.600000000000000e+01	2.654150e+01
2.610000000000000e+01	2.654799e+01
2.620000000000000e+01	2.655447e+01
2.630000000000000e+01	2.656096e+01
2.640000000000000e+01	2.656745e+01
2.650000000000000e+01	2.657393e+01
2.660000000000000e+01	2.658041e+01
2.670000000000000e+01	2.658689e+01
2.680000000000000e+01	2.659337e+01
2.690000000000000e+01	2.659984e+01
2.700000000000000e+01	2.660632e+01
2.710000000000000e+01	2.661279e+01
2.720000000000000e+01	2.661926e+01
2.730000000000000e+01	2.662573e+01
2.740000000000000e+01	2.663220e+01
2.750000000000000e+01	2.663867e+01
2.760000000000000e+01	2.664513e+01
2.770000000000000e+01	2.665160e+01
2.780000000000000e+01	2.665806e+01
2.790000000000000e+01	2.666452e+01
2.800000000000000e+01	2.667097e+01
2.810000000000000e+01	2.667743e+01
2.820000000000000e+01	2.668389e+01
2.830000000000000e+01	2.669034e+01
2.840000000000000e+01	2.669679e+01
2.850000000000000e+01	2.670324e+01
2.860000000000000e+01	2.670969e+01
2.870000000000000e+01	2.671614e+01
2.880000000000000e+01	2.672258e+01
2.890000000000000e+01	2.672902e+01
2.900000000000000e+01	2.673546e+01
2.910000000000000e+01	2.674190e+01
2.920000000000000e+01	2.674834e+01
2.930000000000000e+01	2.675478e+01
2.940000000000000e+01	2.676121e+01
2.950000000000000e+01	2.676765e+01
2.960000000000000e+01	2.677408e+01
2.970000000000000e+01	2.678051e+01
2.980000000000000e+01	2.678694e+01
2.990000000000000e+01	2.679336e+01
3.000000000000000e+01	2.679979e+01
3.010000000000000e+01	2.680621e+01
3.020000000000000e+01	2.681263e+01
3.030000000000000e+01	2.681905e+01
3.040000000000000e+01	2.682547e+01
3.050000000000000e+01	2.683189e+01
3.060000000000000e+01	2.683830e+01
3.070000000000000e+01	2.684472e+01
3.080000000000000e+01	2.685113e+01
3.090000000000000e+01	2.685754e+01
3.100000000000000e+01	2.686395e+01
3.110000000000000e+01	2.687035e+01
3.120000000000000e+01	2.687676e+01
3.130000000000000e+01	2.688316e+01
3.140000000000000e+01	2.688956e+01
3.150000000000000e+01	2.689596e+01
3.160000000000000e+01	2.690236e+01
3.170000000000000e+01	2.690876e+01
3.180000000000000e+01	2.691516e+01
3.190000000000000e+01	2.692155e+01
3.200000000000000e+01	2.692794e+01
3.210000000000000e+01	2.693433e+01
3.220000000000000e+01	2.694072e+01
3.230000000000000e+01	2.694711e+01
3.240000000000000e+01	2.695349e+01
3.250000000000000e+01	2.695988e+01
3.260000000000000e+01	2.696626e+01
3.270000000000000e+01	2.697264e+01
3.280000000000000e+01	2.697902e+01
3.290000000000000e+01	2.698540e+01
3.300000000000000e+01	2.699177e+01
3.310000000000000e+01	2.699815e+01
3.320000000000000e+01	2.700452e+01
3.330000000000000e+01	2.701089e+01
3.340000000000000e+01	2.701726e+01
3.350000000000000e+01	2.702363e+01
3.360000000000000e+01	2.702999e+01
3.370000000000000e+01	2.703636e+01
3.380000000000000e+01	2.704272e+01
3.390000000000000e+01	2.704908e+01
3.400000000000000e+01	2.705544e+01
3.410000000000000e+01	2.706180e+01
3.420000000000000e+01	2.706815e+01
3.430000000000000e+01	2.707451e+01
3.440000000000000e+01	2.708086e+01
3.450000000000000e+01	2.708721e+01
3.460000000000000e+01	2.709356e+01
3.470000000000000e+01	2.709991e+01
3.480000000000000e+01	2.710626e+01
3.490000000000000e+01	2.711260e+01
3.500000000000000e+01	2.711895e+01
Step Information: Vgs=4.5  (Step: 6/6)
0.000000000000000e+00	2.171391e-31
1.000000000000000e-01	1.746011e+00
2.000000000000000e-01	3.466110e+00
3.000000000000000e-01	5.159322e+00
4.000000000000000e-01	6.824625e+00
5.000000000000000e-01	8.460943e+00
6.000000000000001e-01	1.006715e+01
7.000000000000001e-01	1.164204e+01
8.000000000000000e-01	1.318437e+01
9.000000000000000e-01	1.469280e+01
1.000000000000000e+00	1.616595e+01
1.100000000000000e+00	1.760234e+01
1.200000000000000e+00	1.900040e+01
1.300000000000000e+00	2.035849e+01
1.400000000000000e+00	2.167485e+01
1.500000000000000e+00	2.294764e+01
1.600000000000000e+00	2.417488e+01
1.700000000000000e+00	2.535451e+01
1.800000000000000e+00	2.648429e+01
1.900000000000000e+00	2.756188e+01
2.000000000000000e+00	2.858477e+01
2.100000000000000e+00	2.955029e+01
2.200000000000000e+00	3.045558e+01
2.300000000000000e+00	3.129760e+01
2.400000000000000e+00	3.207310e+01
2.500000000000000e+00	3.277859e+01
2.600000000000000e+00	3.341033e+01
2.700000000000000e+00	3.396432e+01
2.800000000000000e+00	3.443626e+01
2.900000000000000e+00	3.482150e+01
3.000000000000000e+00	3.511504e+01
3.100000000000000e+00	3.531151e+01
3.200000000000000e+00	3.540508e+01
3.300000000000000e+00	3.541857e+01
3.400000000000000e+00	3.542774e+01
3.500000000000000e+00	3.543689e+01
3.600000000000000e+00	3.544604e+01
3.700000000000000e+00	3.545519e+01
3.800000000000000e+00	3.546434e+01
3.900000000000000e+00	3.547348e+01
4.000000000000000e+00	3.548262e+01
4.100000000000001e+00	3.549175e+01
4.200000000000000e+00	3.550089e+01
4.300000000000000e+00	3.551002e+01
4.400000000000000e+00	3.551915e+01
4.500000000000000e+00	3.552827e+01
4.600000000000001e+00	3.553740e+01
4.700000000000000e+00	3.554652e+01
4.800000000000001e+00	3.555563e+01
4.900000000000000e+00	3.556475e+01
5.000000000000000e+00	3.557386e+01
5.100000000000001e+00	3.558297e+01
5.200000000000000e+00	3.559208e+01
5.300000000000001e+00	3.560118e+01
5.400000000000000e+00	3.561028e+01
5.500000000000000e+00	3.561938e+01
5.600000000000001e+00	3.562848e+01
5.700000000000000e+00	3.563757e+01
5.800000000000001e+00	3.564666e+01
5.900000000000000e+00	3.565575e+01
6.000000000000000e+00	3.566483e+01
6.100000000000001e+00	3.567392e+01
6.200000000000000e+00	3.568299e+01
6.300000000000001e+00	3.569207e+01
6.400000000000000e+00	3.570115e+01
6.500000000000000e+00	3.571022e+01
6.600000000000001e+00	3.571928e+01
6.700000000000000e+00	3.572835e+01
6.800000000000001e+00	3.573742e+01
6.900000000000000e+00	3.574648e+01
7.000000000000000e+00	3.575554e+01
7.100000000000001e+00	3.576459e+01
7.200000000000000e+00	3.577364e+01
7.300000000000001e+00	3.578269e+01
7.400000000000000e+00	3.579174e+01
7.500000000000000e+00	3.580079e+01
7.600000000000001e+00	3.580983e+01
7.700000000000000e+00	3.581886e+01
7.800000000000001e+00	3.582790e+01
7.900000000000000e+00	3.583693e+01
8.000000000000000e+00	3.584597e+01
8.100000000000000e+00	3.585500e+01
8.200000000000001e+00	3.586402e+01
8.300000000000001e+00	3.587304e+01
8.400000000000000e+00	3.588206e+01
8.500000000000000e+00	3.589108e+01
8.600000000000000e+00	3.590010e+01
8.700000000000001e+00	3.590911e+01
8.800000000000001e+00	3.591812e+01
8.900000000000000e+00	3.592713e+01
9.000000000000000e+00	3.593613e+01
9.100000000000000e+00	3.594513e+01
9.200000000000001e+00	3.595413e+01
9.300000000000001e+00	3.596313e+01
9.400000000000000e+00	3.597212e+01
9.500000000000000e+00	3.598111e+01
9.600000000000001e+00	3.599010e+01
9.700000000000001e+00	3.599909e+01
9.800000000000001e+00	3.600807e+01
9.900000000000000e+00	3.601705e+01
1.000000000000000e+01	3.602603e+01
1.010000000000000e+01	3.603500e+01
1.020000000000000e+01	3.604398e+01
1.030000000000000e+01	3.605295e+01
1.040000000000000e+01	3.606192e+01
1.050000000000000e+01	3.607088e+01
1.060000000000000e+01	3.607984e+01
1.070000000000000e+01	3.608880e+01
1.080000000000000e+01	3.609776e+01
1.090000000000000e+01	3.610671e+01
1.100000000000000e+01	3.611566e+01
1.110000000000000e+01	3.612461e+01
1.120000000000000e+01	3.613356e+01
1.130000000000000e+01	3.614250e+01
1.140000000000000e+01	3.615144e+01
1.150000000000000e+01	3.616038e+01
1.160000000000000e+01	3.616932e+01
1.170000000000000e+01	3.617825e+01
1.180000000000000e+01	3.618718e+01
1.190000000000000e+01	3.619611e+01
1.200000000000000e+01	3.620503e+01
1.210000000000000e+01	3.621395e+01
1.220000000000000e+01	3.622288e+01
1.230000000000000e+01	3.623179e+01
1.240000000000000e+01	3.624071e+01
1.250000000000000e+01	3.624962e+01
1.260000000000000e+01	3.625853e+01
1.270000000000000e+01	3.626744e+01
1.280000000000000e+01	3.627634e+01
1.290000000000000e+01	3.628524e+01
1.300000000000000e+01	3.629414e+01
1.310000000000000e+01	3.630304e+01
1.320000000000000e+01	3.631193e+01
1.330000000000000e+01	3.632082e+01
1.340000000000000e+01	3.632971e+01
1.350000000000000e+01	3.633860e+01
1.360000000000000e+01	3.634748e+01
1.370000000000000e+01	3.635637e+01
1.380000000000000e+01	3.636524e+01
1.390000000000000e+01	3.637412e+01
1.400000000000000e+01	3.638299e+01
1.410000000000000e+01	3.639186e+01
1.420000000000000e+01	3.640073e+01
1.430000000000000e+01	3.640960e+01
1.440000000000000e+01	3.641846e+01
1.450000000000000e+01	3.642732e+01
1.460000000000000e+01	3.643618e+01
1.470000000000000e+01	3.644503e+01
1.480000000000000e+01	3.645388e+01
1.490000000000000e+01	3.646273e+01
1.500000000000000e+01	3.647158e+01
1.510000000000000e+01	3.648042e+01
1.520000000000000e+01	3.648927e+01
1.530000000000000e+01	3.649810e+01
1.540000000000000e+01	3.650694e+01
1.550000000000000e+01	3.651578e+01
1.560000000000000e+01	3.652461e+01
1.570000000000000e+01	3.653344e+01
1.580000000000000e+01	3.654227e+01
1.590000000000000e+01	3.655109e+01
1.600000000000000e+01	3.655991e+01
1.610000000000000e+01	3.656873e+01
1.620000000000000e+01	3.657755e+01
1.630000000000000e+01	3.658636e+01
1.640000000000000e+01	3.659517e+01
1.650000000000000e+01	3.660398e+01
1.660000000000000e+01	3.661279e+01
1.670000000000000e+01	3.662159e+01
1.680000000000000e+01	3.663039e+01
1.690000000000000e+01	3.663919e+01
1.700000000000000e+01	3.664798e+01
1.710000000000000e+01	3.665678e+01
1.720000000000000e+01	3.666557e+01
1.730000000000000e+01	3.667436e+01
1.740000000000000e+01	3.668314e+01
1.750000000000000e+01	3.669193e+01
1.760000000000000e+01	3.670071e+01
1.770000000000000e+01	3.670948e+01
1.780000000000000e+01	3.671826e+01
1.790000000000000e+01	3.672704e+01
1.800000000000000e+01	3.673581e+01
1.810000000000000e+01	3.674457e+01
1.820000000000000e+01	3.675334e+01
1.830000000000000e+01	3.676210e+01
1.840000000000000e+01	3.677086e+01
1.850000000000000e+01	3.677962e+01
1.860000000000000e+01	3.678837e+01
1.870000000000000e+01	3.679713e+01
1.880000000000000e+01	3.680588e+01
1.890000000000000e+01	3.681462e+01
1.900000000000000e+01	3.682337e+01
1.910000000000000e+01	3.683211e+01
1.920000000000000e+01	3.684085e+01
1.930000000000000e+01	3.684959e+01
1.940000000000000e+01	3.685833e+01
1.950000000000000e+01	3.686706e+01
1.960000000000000e+01	3.687579e+01
1.970000000000000e+01	3.688451e+01
1.980000000000000e+01	3.689324e+01
1.990000000000000e+01	3.690196e+01
2.000000000000000e+01	3.691068e+01
2.010000000000000e+01	3.691940e+01
2.020000000000000e+01	3.692812e+01
2.030000000000000e+01	3.693683e+01
2.040000000000000e+01	3.694554e+01
2.050000000000000e+01	3.695424e+01
2.060000000000000e+01	3.696295e+01
2.070000000000000e+01	3.697165e+01
2.080000000000000e+01	3.698035e+01
2.090000000000000e+01	3.698905e+01
2.100000000000000e+01	3.699775e+01
2.110000000000000e+01	3.700644e+01
2.120000000000000e+01	3.701513e+01
2.130000000000000e+01	3.702382e+01
2.140000000000000e+01	3.703250e+01
2.150000000000000e+01	3.704118e+01
2.160000000000000e+01	3.704986e+01
2.170000000000000e+01	3.705854e+01
2.180000000000000e+01	3.706721e+01
2.190000000000000e+01	3.707589e+01
2.200000000000000e+01	3.708456e+01
2.210000000000000e+01	3.709322e+01
2.220000000000000e+01	3.710189e+01
2.230000000000000e+01	3.711055e+01
2.240000000000000e+01	3.711921e+01
2.250000000000000e+01	3.712787e+01
2.260000000000000e+01	3.713652e+01
2.270000000000000e+01	3.714518e+01
2.280000000000000e+01	3.715382e+01
2.290000000000000e+01	3.716247e+01
2.300000000000000e+01	3.717112e+01
2.310000000000000e+01	3.717976e+01
2.320000000000000e+01	3.718840e+01
2.330000000000000e+01	3.719704e+01
2.340000000000000e+01	3.720567e+01
2.350000000000000e+01	3.721431e+01
2.360000000000000e+01	3.722294e+01
2.370000000000000e+01	3.723156e+01
2.380000000000000e+01	3.724019e+01
2.390000000000000e+01	3.724881e+01
2.400000000000000e+01	3.725743e+01
2.410000000000000e+01	3.726605e+01
2.420000000000000e+01	3.727467e+01
2.430000000000000e+01	3.728328e+01
2.440000000000000e+01	3.729189e+01
2.450000000000000e+01	3.730050e+01
2.460000000000000e+01	3.730910e+01
2.470000000000000e+01	3.731771e+01
2.480000000000000e+01	3.732631e+01
2.490000000000000e+01	3.733491e+01
2.500000000000000e+01	3.734350e+01
2.510000000000000e+01	3.735210e+01
2.520000000000000e+01	3.736069e+01
2.530000000000000e+01	3.736928e+01
2.540000000000000e+01	3.737786e+01
2.550000000000000e+01	3.738644e+01
2.560000000000000e+01	3.739503e+01
2.570000000000000e+01	3.740361e+01
2.580000000000000e+01	3.741218e+01
2.590000000000000e+01	3.742076e+01
2.600000000000000e+01	3.742933e+01
2.610000000000000e+01	3.743790e+01
2.620000000000000e+01	3.744646e+01
2.630000000000000e+01	3.745503e+01
2.640000000000000e+01	3.746359e+01
2.650000000000000e+01	3.747215e+01
2.660000000000000e+01	3.748071e+01
2.670000000000000e+01	3.748926e+01
2.680000000000000e+01	3.749781e+01
2.690000000000000e+01	3.750636e+01
2.700000000000000e+01	3.751491e+01
2.710000000000000e+01	3.752345e+01
2.720000000000000e+01	3.753199e+01
2.730000000000000e+01	3.754053e+01
2.740000000000000e+01	3.754907e+01
2.750000000000000e+01	3.755761e+01
2.760000000000000e+01	3.756614e+01
2.770000000000000e+01	3.757467e+01
2.780000000000000e+01	3.758320e+01
2.790000000000000e+01	3.759172e+01
2.800000000000000e+01	3.760025e+01
2.810000000000000e+01	3.760877e+01
2.820000000000000e+01	3.761729e+01
2.830000000000000e+01	3.762580e+01
2.840000000000000e+01	3.763432e+01
2.850000000000000e+01	3.764283e+01
2.860000000000000e+01	3.765133e+01
2.870000000000000e+01	3.765984e+01
2.880000000000000e+01	3.766834e+01
2.890000000000000e+01	3.767685e+01
2.900000000000000e+01	3.768534e+01
2.910000000000000e+01	3.769384e+01
2.920000000000000e+01	3.770234e+01
2.930000000000000e+01	3.771083e+01
2.940000000000000e+01	3.771931e+01
2.950000000000000e+01	3.772780e+01
2.960000000000000e+01	3.773629e+01
2.970000000000000e+01	3.774477e+01
2.980000000000000e+01	3.775325e+01
2.990000000000000e+01	3.776173e+01
3.000000000000000e+01	3.777020e+01
3.010000000000000e+01	3.777868e+01
3.020000000000000e+01	3.778714e+01
3.030000000000000e+01	3.779561e+01
3.040000000000000e+01	3.780408e+01
3.050000000000000e+01	3.781254e+01
3.060000000000000e+01	3.782100e+01
3.070000000000000e+01	3.782946e+01
3.080000000000000e+01	3.783791e+01
3.090000000000000e+01	3.784637e+01
3.100000000000000e+01	3.785482e+01
3.110000000000000e+01	3.786327e+01
3.120000000000000e+01	3.787172e+01
3.130000000000000e+01	3.788016e+01
3.140000000000000e+01	3.788860e+01
3.150000000000000e+01	3.789704e+01
3.160000000000000e+01	3.790548e+01
3.170000000000000e+01	3.791391e+01
3.180000000000000e+01	3.792234e+01
3.190000000000000e+01	3.793077e+01
3.200000000000000e+01	3.793920e+01
3.210000000000000e+01	3.794762e+01
3.220000000000000e+01	3.795605e+01
3.230000000000000e+01	3.796447e+01
3.240000000000000e+01	3.797289e+01
3.250000000000000e+01	3.798130e+01
3.260000000000000e+01	3.798972e+01
3.270000000000000e+01	3.799813e+01
3.280000000000000e+01	3.800653e+01
3.290000000000000e+01	3.801494e+01
3.300000000000000e+01	3.802335e+01
3.310000000000000e+01	3.803175e+01
3.320000000000000e+01	3.804015e+01
3.330000000000000e+01	3.804854e+01
3.340000000000000e+01	3.805694e+01
3.350000000000000e+01	3.806533e+01
3.360000000000000e+01	3.807372e+01
3.370000000000000e+01	3.808211e+01
3.380000000000000e+01	3.809049e+01
3.390000000000000e+01	3.809887e+01
3.400000000000000e+01	3.810725e+01
3.410000000000000e+01	3.811563e+01
3.420000000000000e+01	3.812401e+01
3.430000000000000e+01	3.813238e+01
3.440000000000000e+01	3.814075e+01
3.450000000000000e+01	3.814912e+01
3.460000000000000e+01	3.815749e+01
3.470000000000000e+01	3.816585e+01
3.480000000000000e+01	3.817421e+01
3.490000000000000e+01	3.818257e+01
3.500000000000000e+01	3.819093e+01
